0 2612092489087714944
64
9241421688590303744 512 512 512 262656 512 512 134480384 512 134480384 68853957120 262656 512 262656 262656 134480384 35253226045952 512 68853957120 262656 262656 512 262656 512 512 134480384 512 512 512 262656 512 134480384 512 134480384 68853957120 262656 512 262656 262656 512 18049651735527936 512 512 512 262656 512 512 512 512 134480384 512 512 512 262656 512 134480384 35253226045952 512 68853957120 262656 262656 512 262656 512 
1 2317113845283422240
32
36099303471056128 137707914496 525568 525568 1280 1280 1280 1280 268961024 268961024 525568 525568 1280 1280 1280 1280 70506452092160 137707914496 525568 525568 1280 1280 1280 1280 268961024 268961024 525568 525568 1280 1280 1280 1280 
2 1155193101301647888
32
141012904249856 68096 141012904184320 2560 1116672 537987584 1051136 537922048 68096 1116672 2560 1051136 68096 68096 2560 2560 275415894528 68096 275415828992 2560 1116672 537987584 1051136 537922048 68096 1116672 2560 1051136 68096 68096 2560 2560 
3 613637441642823680
32
550848566272 136192 550831657984 5120 1092752384 550831789056 1075844096 550831657984 16913408 1075975168 5120 1075844096 16913408 136192 5120 5120 19010560 136192 2102272 5120 19010560 2233344 2102272 2102272 16913408 2233344 5120 2102272 16913408 136192 5120 5120 
4 299344729409600
32
6480472064 2151688192 4332988416 4204544 4328794112 10240 4328794112 10240 2151950336 2151688192 4466688 4204544 272384 10240 272384 10240 2185504768 2151688192 38021120 4204544 33826816 10240 33826816 10240 2151950336 2151688192 4466688 4204544 272384 10240 272384 10240 
5 1443475252444274724
32
1108177604608 8933376 1108169216000 544768 8409088 8409088 20480 20480 8665976832 8933376 8657588224 544768 76042240 8933376 67653632 544768 8409088 8409088 20480 20480 76042240 8933376 67653632 544768 8409088 8409088 20480 20480 8409088 8409088 20480 20480 
6 9530181015981524992
32
283691315142656 1089536 1089536 40960 135307264 40960 1089536 40960 40960 40960 40960 17315176448 40960 1089536 40960 135307264 2216338432000 1089536 1089536 40960 135307264 40960 1089536 40960 40960 40960 40960 17315176448 40960 1089536 40960 135307264 
7 74345678945392640
64
72624976668147712 270548992 16384 16384 2113536 2113536 16384 16384 2113536 2113536 16384 16384 567382630219776 270548992 16384 16384 34630287360 270548992 16384 16384 2113536 2113536 16384 16384 2113536 2113536 16384 16384 34630287360 270548992 16384 16384 4432676798464 270548992 16384 16384 2113536 2113536 16384 16384 2113536 2113536 16384 16384 4432676798464 270548992 16384 16384 34630287360 270548992 16384 16384 2113536 2113536 16384 16384 2113536 2113536 16384 16384 34630287360 270548992 16384 16384 
8 114384190308864
32
4620710844295151618 67239938 131074 131074 67239938 34426978306 131074 131074 9024825867763714 67239938 131074 131074 67239938 34426978306 131074 131074 17626613022722 67239938 131074 131074 67239938 34426978306 131074 131074 17626613022722 67239938 131074 131074 67239938 34426978306 131074 131074 
9 18023263465242819
32
9241421688590368773 134545413 327685 327685 327685 327685 18049651735592965 134545413 35253226110981 134545413 327685 327685 327685 327685 35253226110981 134545413 134545413 68854022149 327685 327685 327685 327685 134545413 68854022149 134545413 68854022149 327685 327685 327685 327685 134545413 68854022149 
10 9224788218585678848
32
36099303487963146 17432586 36099303471185930 655370 137724821514 285868042 137708044298 269090826 17432586 285868042 655370 269090826 17432586 17432586 655370 655370 70506468999178 17432586 70506452221962 655370 137724821514 285868042 137708044298 269090826 17432586 285868042 655370 269090826 17432586 17432586 655370 655370 
11 158474827157504064
32
141017232965652 141012937998356 141012904443924 141012904443924 4866703380 571736084 538181652 538181652 4329832468 34865172 1310740 1310740 4329832468 34865172 1310740 1310740 4866703380 571736084 538181652 538181652 279744610324 275449643028 275416088596 275416088596 4329832468 34865172 1310740 1310740 4329832468 34865172 1310740 1310740 
12 649648662011445250
32
1659000848424 1109245034536 550899286056 1143472168 550832177192 1076363304 550832177192 1076363304 559489220648 9733406760 550899286056 1143472168 550832177192 1076363304 550832177192 1076363304 1108171292712 1108171292712 69730344 69730344 2621480 2621480 2621480 2621480 8659664936 8659664936 69730344 69730344 2621480 2621480 2621480 2621480 
13 2305844178016289285
32
283693466779728 2286944336 2152726608 2152726608 2218490069072 2286944336 2152726608 2152726608 283691319296080 139460688 5242960 5242960 2216342585424 139460688 5242960 5242960 2286944336 19466813520 2152726608 2152726608 2286944336 19466813520 2152726608 2152726608 139460688 17319329872 5242960 5242960 139460688 17319329872 5242960 5242960 
14 9512733913585426432
32
72624976676520096 278921376 34638659744 278921376 10485920 10485920 10485920 10485920 567382638592160 4432685170848 34638659744 34638659744 10485920 10485920 10485920 10485920 278921376 4432685170848 278921376 34638659744 10485920 10485920 10485920 10485920 278921376 278921376 278921376 278921376 10485920 10485920 10485920 10485920 
15 37936439631880
32
145249953336262720 4194368 8865353564224 541065280 4194368 541065280 4194368 4194368 69260542016 4194368 69260542016 541065280 4194368 541065280 4194368 4194368 1134765260406848 4194368 8865353564224 541065280 4194368 541065280 4194368 4194368 69260542016 4194368 69260542016 541065280 4194368 541065280 4194368 4194368 
16 4634208586678927506
32
2310355422147510788 4512412933816836 33554948 33554948 8813306446336 8813306446336 33554944 33554944 17213424132 17213424132 33554948 33554948 17213424128 17213424128 33554944 33554944 8813306446340 8813306446340 33554948 33554948 2310355422147510784 4512412933816832 33554944 33554944 17213424132 17213424132 33554948 33554948 17213424128 17213424128 33554944 33554944 
17 76632250879344800
32
4620710844311799048 17626629670152 9024825884411144 17626629670152 83887360 83887360 83887360 83887360 4620710844311799040 17626629670144 9024825884411136 17626629670144 34443625736 34443625736 34443625736 34443625736 83887368 83887368 83887368 83887368 34443625728 34443625728 34443625728 34443625728 83887360 83887360 83887360 83887360 83887368 83887368 83887368 83887368 
18 39406780341944488
128
9241421692918565393 35257554307600 68887251473 68887251472 4462742016 73182218753 167774720 18049651768822273 4462742033 4462742032 167774737 167774736 9241421692918565392 4462742017 68887251472 167774721 35257554307585 73182218752 68887251457 18049651768822272 4462742032 18049656063789585 167774736 68887251473 4462742017 4462742016 167774721 167774720 35257554307584 4462742033 68887251456 167774737 73182218769 18049656063789584 35253259340305 68887251472 4462742016 35257554307585 167774720 68887251457 4462742033 4462742032 167774737 167774736 73182218768 4462742017 35253259340304 167774721 9241421692918565377 35257554307584 68887251457 68887251456 4462742032 73182218769 167774736 35253259340305 4462742017 4462742016 167774721 167774720 9241421692918565376 4462742033 68887251456 167774737 73182218769 73182218768 9241421688623598097 35253259340304 4462742016 18049656063789569 167774720 68887251457 4462742033 4462742032 167774737 167774736 73182218768 4462742017 9241421688623598096 167774721 73182218753 18049656063789568 35253259340289 68887251456 4462742032 73182218769 167774736 18049651768822289 4462742017 4462742016 167774721 167774720 73182218752 4462742033 35253259340288 167774737 35257554307601 73182218768 68887251473 18049651768822288 4462742016 73182218753 167774720 35253259340289 4462742033 4462742032 167774737 167774736 35257554307600 4462742017 68887251472 167774721 73182218753 73182218752 9241421688623598081 35253259340288 4462742032 35257554307601 167774736 68887251473 4462742017 4462742016 167774721 167774720 73182218752 4462742033 9241421688623598080 167774737 
19 109225490002247696
128
36100411639206946 1108437111808 36099303537644578 335549440 146364437506 8925484064 137774502914 335549472 36100411639206944 1108437111842 36099303537644576 335549474 146364437504 8925484034 137774502912 335549442 71614620242978 1108437111840 70506518680610 335549472 146364437506 8925484032 137774502914 335549440 71614620242976 1108437111842 70506518680608 335549474 146364437504 8925484034 137774502912 335549442 36100411639206914 1108437111840 36099303537644546 335549472 36099312127579170 8925484032 36099303537644578 335549440 36100411639206912 1108437111810 36099303537644544 335549442 36099312127579168 8925484066 36099303537644576 335549474 71614620242946 1108437111808 70506518680578 335549440 70515108615202 8925484064 70506518680610 335549472 71614620242944 1108437111810 70506518680576 335549442 70515108615200 8925484066 70506518680608 335549474 1245876065314 1108437111808 137774502946 335549440 36099312127579138 8925484064 36099303537644546 335549472 1245876065312 1108437111842 137774502944 335549474 36099312127579136 8925484034 36099303537644544 335549442 1245876065314 1108437111840 137774502946 335549472 70515108615170 8925484032 70506518680578 335549440 1245876065312 1108437111842 137774502944 335549474 70515108615168 8925484034 70506518680576 335549442 1245876065282 1108437111840 137774502914 335549472 146364437538 8925484032 137774502946 335549440 1245876065280 1108437111810 137774502912 335549442 146364437536 8925484066 137774502944 335549474 1245876065282 1108437111808 137774502914 335549440 146364437538 8925484064 137774502946 335549472 1245876065280 1108437111810 137774502912 335549442 146364437536 8925484066 137774502944 335549474 
20 1153485571295019040
128
424704217196612 17850968064 275549005828 275549005888 671098884 141030217230404 2491752130564 275549005828 424704217196608 671098884 275549005824 292728875012 671098880 141030217230400 2491752130560 275549005824 141013037361220 671098880 283691850934340 292728875008 143229240485956 141013037361220 275549005828 17850968132 141013037361216 141030217230404 283691850934336 275549005828 143229240485952 141013037361216 275549005824 17850968128 424704217196548 141030217230400 671098948 275549005824 141013037361220 141030217230340 2216874223684 671098948 424704217196544 141013037361220 671098944 17850968132 141013037361216 141030217230336 2216874223680 671098944 141013037361156 141013037361216 283691850934276 17850968128 143229240485892 141013037361156 671098948 17850968068 141013037361152 141030217230340 283691850934272 671098948 143229240485888 141013037361152 671098944 17850968064 283691850934340 141030217230336 671098884 671098944 141013037361156 17850968132 2216874223620 671098884 283691850934336 141013037361156 671098880 17850968068 141013037361152 17850968128 2216874223616 671098880 671098948 141013037361152 283966728841284 17850968064 2216874223684 671098948 671098884 292728875076 671098944 17850968132 283966728841280 671098884 2216874223680 671098944 671098880 292728875072 283691850934276 17850968128 275549005892 671098880 671098948 17850968068 2491752130628 275549005892 283691850934272 671098948 275549005888 292728875076 671098944 17850968064 2491752130624 275549005888 671098884 671098944 283966728841220 292728875072 2216874223620 671098884 275549005892 292728875012 671098880 17850968068 283966728841216 275549005892 2216874223616 671098880 275549005888 292728875008 
21 15062852729419341056
128
72625527495610504 585457750024 551098011784 551098011656 585457750152 4433748447240 551098011784 1342197768 72624977739796616 35701936136 1342197896 1342197768 35701936264 4983504261248 1342197896 551098011776 72625527495610368 585457750144 551098011648 551098011776 585457750016 4433748447360 551098011648 1342197888 72624977739796480 35701936256 1342197760 1342197888 35701936128 567933457682568 1342197760 551098011784 4983504261256 585457750152 551098011784 551098011784 585457750152 567383701868680 551098011784 1342197896 4433748447368 35701936264 1342197896 1342197896 35701936264 567933457682432 1342197896 551098011648 4983504261120 585457750016 551098011648 551098011648 585457750016 567383701868544 551098011648 1342197760 4433748447232 35701936128 1342197760 1342197760 35701936128 4983504261256 1342197760 551098011784 72625527495610376 585457750152 551098011656 551098011784 585457750024 4433748447368 551098011656 1342197896 72624977739796488 35701936264 1342197768 1342197896 35701936136 4983504261120 1342197768 551098011648 72625527495610496 585457750016 551098011776 551098011648 585457750144 4433748447232 551098011776 1342197760 72624977739796608 35701936128 1342197888 1342197760 35701936256 567933457682440 1342197888 551098011656 4983504261128 585457750024 551098011656 551098011656 585457750024 567383701868552 551098011656 1342197768 4433748447240 35701936136 1342197768 1342197768 35701936136 567933457682560 1342197768 551098011776 4983504261248 585457750144 551098011776 551098011776 585457750144 567383701868672 551098011776 1342197888 4433748447360 35701936256 1342197888 1342197888 35701936256 4983504261128 1342197888 551098011656 
22 19140300631706176
32
145249955479592976 8867496894464 2684395536 2684395520 71403872256 1134767403737104 2684395520 2684395536 71403872272 71403872256 2684395536 2684395520 8867496894480 71403872272 2684395536 2684395536 145249955479592960 8867496894480 2684395520 2684395536 71403872272 1134767403737088 2684395536 2684395520 71403872256 71403872272 2684395520 2684395536 8867496894464 71403872256 2684395520 2684395520 
23 10414850173997056
32
290499906664153120 138512711680 1073758240 1073758208 138512711712 17730698756128 1073758240 1073758240 290499906664153088 138512711712 1073758208 1073758240 138512711680 17730698756096 1073758208 1073758208 2269530512441376 138512711680 1073758240 1073758208 138512711712 17730698756128 1073758240 1073758240 2269530512441344 138512711712 1073758208 1073758240 138512711680 17730698756096 1073758208 1073758208 
24 2375720325917835904
32
1155177711057110024 4406636577800 2256206450263048 4406636577800 8590066688 8590066688 8590066688 8590066688 8590066696 8590066696 8590066696 8590066696 1155177711057108992 4406636576768 2256206450262016 4406636576768 1155177711057108992 4406636576768 2256206450262016 4406636576768 8590065664 8590065664 8590065664 8590065664 8590065664 8590065664 8590065664 8590065664 1155177711057110016 4406636577792 2256206450263040 4406636577792 
25 77972967141179907
32
2310355426409252880 8817568188416 2310355426409250816 8817568186368 4512417195558928 21475166208 4512417195556864 21475164160 8817568188432 21475166208 8817568186368 21475164160 8817568188432 21475166208 8817568186368 21475164160 21475166224 21475166208 21475164160 21475164160 21475166224 2310355426409252864 21475164160 2310355426409250816 21475166224 4512417195558912 21475164160 4512417195556864 21475166224 8817568188416 21475164160 8817568186368 
26 2260875683709444
128
4620711952330133792 9025933902741760 1142461960448 1142461956352 9024834391118080 4620710852818501888 42950332672 42950328576 4620711952330133536 9025933902741504 1142461960192 1142461956096 9024834391117824 4620710852818501632 42950332416 42950328320 1142461960480 1142461956352 18734648004896 18734648000768 42950332672 42950328576 17635136377088 17635136372992 1142461960224 1142461956096 18734648004640 18734648000512 42950332416 42950328320 17635136376832 17635136372736 9025933902745888 4620711952330129664 1142461960480 1142461956352 4620710852818506016 9024834391113984 42950332672 42950328576 9025933902745632 4620711952330129408 1142461960224 1142461956096 4620710852818505760 9024834391113728 42950332416 42950328320 1142461960480 1142461956352 18734648004896 18734648000768 42950332704 42950328576 17635136377120 17635136372992 1142461960224 1142461956096 18734648004640 18734648000512 42950332448 42950328320 17635136376864 17635136372736 4620711952330133760 9025933902741760 1142461960480 1142461956352 9024834391118112 4620710852818501888 42950332704 42950328576 4620711952330133504 9025933902741504 1142461960224 1142461956096 9024834391117856 4620710852818501632 42950332448 42950328320 1142461960448 1142461956352 18734648004864 18734648000768 42950332704 42950328576 17635136377120 17635136372992 1142461960192 1142461956096 18734648004608 18734648000512 42950332448 42950328320 17635136376864 17635136372736 9025933902745856 4620711952330129664 1142461960448 1142461956352 4620710852818505984 9024834391113984 42950332704 42950328576 9025933902745600 4620711952330129408 1142461960192 1142461956096 4620710852818505728 9024834391113728 42950332448 42950328320 1142461960448 1142461956352 18734648004864 18734648000768 42950332672 42950328576 17635136377088 17635136372992 1142461960192 1142461956096 18734648004608 18734648000512 42950332416 42950328320 17635136376832 17635136372736 
27 2305913653976695296
512
9241705379636978241 9241705379636978240 9241705379636977728 9241705379636977728 9241423904660267585 9241423904660267584 9241423904660267072 9241423904660267072 9241705379636969985 9241705379636969984 9241705379636969472 9241705379636969472 9241423904660259329 9241423904660259328 9241423904660258816 9241423904660258816 9241705379636978177 9241705379636978176 9241705379636977664 9241705379636977664 9241423904660267521 9241423904660267520 9241423904660267008 9241423904660267008 9241705379636969985 9241705379636969984 9241705379636969472 9241705379636969472 9241423904660259329 9241423904660259328 9241423904660258816 9241423904660258816 9241421705637012033 9241421705637012032 9241421705637011520 9241421705637011520 9241421705637012033 9241421705637012032 9241421705637011520 9241421705637011520 9241421705637003777 9241421705637003776 9241421705637003264 9241421705637003264 9241421705637003777 9241421705637003776 9241421705637003264 9241421705637003264 9241421705637011969 9241421705637011968 9241421705637011456 9241421705637011456 9241421705637011969 9241421705637011968 9241421705637011456 9241421705637011456 9241421705637003777 9241421705637003776 9241421705637003264 9241421705637003264 9241421705637003777 9241421705637003776 9241421705637003264 9241421705637003264 318944272720449 318944272720448 318944272719936 318944272719936 37469296009793 37469296009792 37469296009280 37469296009280 318944272712193 318944272712192 318944272711680 318944272711680 37469296001537 37469296001536 37469296001024 37469296001024 318944272720385 318944272720384 318944272719872 318944272719872 37469296009729 37469296009728 37469296009216 37469296009216 318944272712193 318944272712192 318944272711680 318944272711680 37469296001537 37469296001536 37469296001024 37469296001024 35270272754241 35270272754240 35270272753728 35270272753728 35270272754241 35270272754240 35270272753728 35270272753728 35270272745985 35270272745984 35270272745472 35270272745472 35270272745985 35270272745984 35270272745472 35270272745472 35270272754177 35270272754176 35270272753664 35270272753664 35270272754177 35270272754176 35270272753664 35270272753664 35270272745985 35270272745984 35270272745472 35270272745472 35270272745985 35270272745984 35270272745472 35270272745472 283759900631617 283759900631616 283759900631104 283759900631104 2284923920961 2284923920960 2284923920448 2284923920448 283759900623361 283759900623360 283759900622848 283759900622848 2284923912705 2284923912704 2284923912192 2284923912192 283759900631553 283759900631552 283759900631040 283759900631040 2284923920897 2284923920896 2284923920384 2284923920384 283759900623361 283759900623360 283759900622848 283759900622848 2284923912705 2284923912704 2284923912192 2284923912192 85900665409 85900665408 85900664896 85900664896 85900665409 85900665408 85900664896 85900664896 85900657153 85900657152 85900656640 85900656640 85900657153 85900657152 85900656640 85900656640 85900665345 85900665344 85900664832 85900664832 85900665345 85900665344 85900664832 85900664832 85900657153 85900657152 85900656640 85900656640 85900657153 85900657152 85900656640 85900656640 283759900631617 283759900631616 283759900631104 283759900631104 2284923920961 2284923920960 2284923920448 2284923920448 283759900623361 283759900623360 283759900622848 283759900622848 2284923912705 2284923912704 2284923912192 2284923912192 283759900631553 283759900631552 283759900631040 283759900631040 2284923920897 2284923920896 2284923920384 2284923920384 283759900623361 283759900623360 283759900622848 283759900622848 2284923912705 2284923912704 2284923912192 2284923912192 85900665409 85900665408 85900664896 85900664896 85900665409 85900665408 85900664896 85900664896 85900657153 85900657152 85900656640 85900656640 85900657153 85900657152 85900656640 85900656640 85900665345 85900665344 85900664832 85900664832 85900665345 85900665344 85900664832 85900664832 85900657153 85900657152 85900656640 85900656640 85900657153 85900657152 85900656640 85900656640 18333342782202433 18333342782202432 18333342782201920 18333342782201920 18051867805491777 18051867805491776 18051867805491264 18051867805491264 18333342782194177 18333342782194176 18333342782193664 18333342782193664 18051867805483521 18051867805483520 18051867805483008 18051867805483008 18333342782202369 18333342782202368 18333342782201856 18333342782201856 18051867805491713 18051867805491712 18051867805491200 18051867805491200 18333342782194177 18333342782194176 18333342782193664 18333342782193664 18051867805483521 18051867805483520 18051867805483008 18051867805483008 18049668782236225 18049668782236224 18049668782235712 18049668782235712 18049668782236225 18049668782236224 18049668782235712 18049668782235712 18049668782227969 18049668782227968 18049668782227456 18049668782227456 18049668782227969 18049668782227968 18049668782227456 18049668782227456 18049668782236161 18049668782236160 18049668782235648 18049668782235648 18049668782236161 18049668782236160 18049668782235648 18049668782235648 18049668782227969 18049668782227968 18049668782227456 18049668782227456 18049668782227969 18049668782227968 18049668782227456 18049668782227456 318944272720449 318944272720448 318944272719936 318944272719936 37469296009793 37469296009792 37469296009280 37469296009280 318944272712193 318944272712192 318944272711680 318944272711680 37469296001537 37469296001536 37469296001024 37469296001024 318944272720385 318944272720384 318944272719872 318944272719872 37469296009729 37469296009728 37469296009216 37469296009216 318944272712193 318944272712192 318944272711680 318944272711680 37469296001537 37469296001536 37469296001024 37469296001024 35270272754241 35270272754240 35270272753728 35270272753728 35270272754241 35270272754240 35270272753728 35270272753728 35270272745985 35270272745984 35270272745472 35270272745472 35270272745985 35270272745984 35270272745472 35270272745472 35270272754177 35270272754176 35270272753664 35270272753664 35270272754177 35270272754176 35270272753664 35270272753664 35270272745985 35270272745984 35270272745472 35270272745472 35270272745985 35270272745984 35270272745472 35270272745472 283759900631617 283759900631616 283759900631104 283759900631104 2284923920961 2284923920960 2284923920448 2284923920448 283759900623361 283759900623360 283759900622848 283759900622848 2284923912705 2284923912704 2284923912192 2284923912192 283759900631553 283759900631552 283759900631040 283759900631040 2284923920897 2284923920896 2284923920384 2284923920384 283759900623361 283759900623360 283759900622848 283759900622848 2284923912705 2284923912704 2284923912192 2284923912192 85900665409 85900665408 85900664896 85900664896 85900665409 85900665408 85900664896 85900664896 85900657153 85900657152 85900656640 85900656640 85900657153 85900657152 85900656640 85900656640 85900665345 85900665344 85900664832 85900664832 85900665345 85900665344 85900664832 85900664832 85900657153 85900657152 85900656640 85900656640 85900657153 85900657152 85900656640 85900656640 283759900631617 283759900631616 283759900631104 283759900631104 2284923920961 2284923920960 2284923920448 2284923920448 283759900623361 283759900623360 283759900622848 283759900622848 2284923912705 2284923912704 2284923912192 2284923912192 283759900631553 283759900631552 283759900631040 283759900631040 2284923920897 2284923920896 2284923920384 2284923920384 283759900623361 283759900623360 283759900622848 283759900622848 2284923912705 2284923912704 2284923912192 2284923912192 85900665409 85900665408 85900664896 85900664896 85900665409 85900665408 85900664896 85900664896 85900657153 85900657152 85900656640 85900656640 85900657153 85900657152 85900656640 85900656640 85900665345 85900665344 85900664832 85900664832 85900665345 85900665344 85900664832 85900664832 85900657153 85900657152 85900656640 85900656640 85900657153 85900657152 85900656640 85900656640 
28 78958129022246944
512
108724279602332802 36103735610983554 36666685564387328 36103735610966016 108724279602315264 36103735610966016 108724279602316288 36103735610967040 36099337564472450 36099337564472450 36099337564454912 36099337564454912 36099337564454912 36099337564454912 36099337564455936 36099337564455936 72695482583368834 74938592019586 637888545423360 74938592002048 72695482583351296 74938592002048 72695482583352320 74938592003072 70540545508482 70540545508482 70540545490944 70540545490944 70540545490944 70540545490944 70540545491968 70540545491968 72625113839191170 4569847841922 567519801245696 4569847824384 72625113839173632 4569847824384 72625113839174656 4569847825408 171801330818 171801330818 171801313280 171801313280 171801313280 171801313280 171801314304 171801314304 72625113839191170 4569847841922 567519801245696 4569847824384 72625113839173632 4569847824384 72625113839174656 4569847825408 171801330818 171801330818 171801313280 171801313280 171801313280 171801313280 171801314304 171801314304 108724279602331776 36103735610982528 108724279602332674 36103735610983426 36666685564388352 36103735610967040 108724279602315264 36103735610966016 36099337564471424 36099337564471424 36099337564472322 36099337564472322 36099337564455936 36099337564455936 36099337564454912 36099337564454912 72695482583367808 74938592018560 72695482583368706 74938592019458 637888545424384 74938592003072 72695482583351296 74938592002048 70540545507456 70540545507456 70540545508354 70540545508354 70540545491968 70540545491968 70540545490944 70540545490944 72625113839190144 4569847840896 72625113839191042 4569847841794 567519801246720 4569847825408 72625113839173632 4569847824384 171801329792 171801329792 171801330690 171801330690 171801314304 171801314304 171801313280 171801313280 72625113839190144 4569847840896 72625113839191042 4569847841794 567519801246720 4569847825408 72625113839173632 4569847824384 171801329792 171801329792 171801330690 171801330690 171801314304 171801314304 171801313280 171801313280 36666685564404866 36103735610983554 108724279602331648 36103735610982400 36666685564387328 36103735610966016 36666685564388352 36103735610967040 36099337564472450 36099337564472450 36099337564471296 36099337564471296 36099337564454912 36099337564454912 36099337564455936 36099337564455936 637888545440898 74938592019586 72695482583367680 74938592018432 637888545423360 74938592002048 637888545424384 74938592003072 70540545508482 70540545508482 70540545507328 70540545507328 70540545490944 70540545490944 70540545491968 70540545491968 567519801263234 4569847841922 72625113839190016 4569847840768 567519801245696 4569847824384 567519801246720 4569847825408 171801330818 171801330818 171801329664 171801329664 171801313280 171801313280 171801314304 171801314304 567519801263234 4569847841922 72625113839190016 4569847840768 567519801245696 4569847824384 567519801246720 4569847825408 171801330818 171801330818 171801329664 171801329664 171801313280 171801313280 171801314304 171801314304 36666685564403840 36103735610982528 36666685564404738 36103735610983426 108724279602332800 36103735610983552 36666685564387328 36103735610966016 36099337564471424 36099337564471424 36099337564472322 36099337564472322 36099337564472448 36099337564472448 36099337564454912 36099337564454912 637888545439872 74938592018560 637888545440770 74938592019458 72695482583368832 74938592019584 637888545423360 74938592002048 70540545507456 70540545507456 70540545508354 70540545508354 70540545508480 70540545508480 70540545490944 70540545490944 567519801262208 4569847840896 567519801263106 4569847841794 72625113839191168 4569847841920 567519801245696 4569847824384 171801329792 171801329792 171801330690 171801330690 171801330816 171801330816 171801313280 171801313280 567519801262208 4569847840896 567519801263106 4569847841794 72625113839191168 4569847841920 567519801245696 4569847824384 171801329792 171801329792 171801330690 171801330690 171801330816 171801330816 171801313280 171801313280 108724279602316290 36103735610967042 36666685564403712 36103735610982400 108724279602331776 36103735610982528 108724279602332672 36103735610983424 36099337564455938 36099337564455938 36099337564471296 36099337564471296 36099337564471424 36099337564471424 36099337564472320 36099337564472320 72695482583352322 74938592003074 637888545439744 74938592018432 72695482583367808 74938592018560 72695482583368704 74938592019456 70540545491970 70540545491970 70540545507328 70540545507328 70540545507456 70540545507456 70540545508352 70540545508352 72625113839174658 4569847825410 567519801262080 4569847840768 72625113839190144 4569847840896 72625113839191040 4569847841792 171801314306 171801314306 171801329664 171801329664 171801329792 171801329792 171801330688 171801330688 72625113839174658 4569847825410 567519801262080 4569847840768 72625113839190144 4569847840896 72625113839191040 4569847841792 171801314306 171801314306 171801329664 171801329664 171801329792 171801329792 171801330688 171801330688 108724279602315264 36103735610966016 108724279602316290 36103735610967042 36666685564404864 36103735610983552 108724279602331648 36103735610982400 36099337564454912 36099337564454912 36099337564455938 36099337564455938 36099337564472448 36099337564472448 36099337564471296 36099337564471296 72695482583351296 74938592002048 72695482583352322 74938592003074 637888545440896 74938592019584 72695482583367680 74938592018432 70540545490944 70540545490944 70540545491970 70540545491970 70540545508480 70540545508480 70540545507328 70540545507328 72625113839173632 4569847824384 72625113839174658 4569847825410 567519801263232 4569847841920 72625113839190016 4569847840768 171801313280 171801313280 171801314306 171801314306 171801330816 171801330816 171801329664 171801329664 72625113839173632 4569847824384 72625113839174658 4569847825410 567519801263232 4569847841920 72625113839190016 4569847840768 171801313280 171801313280 171801314306 171801314306 171801330816 171801330816 171801329664 171801329664 36666685564388354 36103735610967042 108724279602315264 36103735610966016 36666685564403840 36103735610982528 36666685564404736 36103735610983424 36099337564455938 36099337564455938 36099337564454912 36099337564454912 36099337564471424 36099337564471424 36099337564472320 36099337564472320 637888545424386 74938592003074 72695482583351296 74938592002048 637888545439872 74938592018560 637888545440768 74938592019456 70540545491970 70540545491970 70540545490944 70540545490944 70540545507456 70540545507456 70540545508352 70540545508352 567519801246722 4569847825410 72625113839173632 4569847824384 567519801262208 4569847840896 567519801263104 4569847841792 171801314306 171801314306 171801313280 171801313280 171801329792 171801329792 171801330688 171801330688 567519801246722 4569847825410 72625113839173632 4569847824384 567519801262208 4569847840896 567519801263104 4569847841792 171801314306 171801314306 171801313280 171801313280 171801329792 171801329792 171801330688 171801330688 36666685564387328 36103735610966016 36666685564388354 36103735610967042 108724279602316288 36103735610967040 36666685564403712 36103735610982400 36099337564454912 36099337564454912 36099337564455938 36099337564455938 36099337564455936 36099337564455936 36099337564471296 36099337564471296 637888545423360 74938592002048 637888545424386 74938592003074 72695482583352320 74938592003072 637888545439744 74938592018432 70540545490944 70540545490944 70540545491970 70540545491970 70540545491968 70540545491968 70540545507328 70540545507328 567519801245696 4569847824384 567519801246722 4569847825410 72625113839174656 4569847825408 567519801262080 4569847840768 171801313280 171801313280 171801314306 171801314306 171801314304 171801314304 171801329664 171801329664 567519801245696 4569847824384 567519801246722 4569847825410 72625113839174656 4569847825408 567519801262080 4569847840768 171801313280 171801313280 171801314306 171801314306 171801314304 171801314304 171801329664 171801329664 
29 144695867687866368
128
145390965166737412 145390965166735360 149877184038916 149877184036864 145390965166704644 145390965166702592 149877184006148 149877184004096 145390965166737408 145390965166735360 149877184038912 149877184036864 145390965166704640 145390965166702592 149877184006144 149877184004096 141081091016708 141081091014656 141081091016708 141081091014656 141081090983940 141081090981888 141081090983940 141081090981888 141081091016704 141081091014656 141081091016704 141081091014656 141081090983936 141081090981888 141081090983936 141081090981888 1275777090881540 1275777090879488 149877184038916 149877184036864 1275777090848772 1275777090846720 149877184006148 149877184004096 1275777090881536 1275777090879488 149877184038912 149877184036864 1275777090848768 1275777090846720 149877184006144 149877184004096 141081091016708 141081091014656 141081091016708 141081091014656 141081090983940 141081090981888 141081090983940 141081090981888 141081091016704 141081091014656 141081091016704 141081091014656 141081090983936 141081090981888 141081090983936 141081090981888 145250227678382084 145250227678380032 9139695683588 9139695681536 145250227678349316 145250227678347264 9139695650820 9139695648768 145250227678382080 145250227678380032 9139695683584 9139695681536 145250227678349312 145250227678347264 9139695650816 9139695648768 343602661380 343602659328 343602661380 343602659328 343602628612 343602626560 343602628612 343602626560 343602661376 343602659328 343602661376 343602659328 343602628608 343602626560 343602628608 343602626560 1135039602526212 1135039602524160 9139695683588 9139695681536 1135039602493444 1135039602491392 9139695650820 9139695648768 1135039602526208 1135039602524160 9139695683584 9139695681536 1135039602493440 1135039602491392 9139695650816 9139695648768 343602661380 343602659328 343602661380 343602659328 343602628612 343602626560 343602628612 343602626560 343602661376 343602659328 343602661376 343602659328 343602628608 343602626560 343602628608 343602626560 
30 2568871513034752
32
290500455356698632 290500455356694528 2270079204986880 2270079204982784 18279391301640 18279391297536 18279391301632 18279391297536 687205257224 687205253120 687205257216 687205253120 687205257224 687205253120 687205257216 687205253120 2270079204986888 2270079204982784 290500455356698624 290500455356694528 18279391301640 18279391297536 18279391301632 18279391297536 687205257224 687205253120 687205257216 687205253120 687205257224 687205253120 687205257216 687205253120 
31 2468255170320945408
32
580999811184992272 35459254198288 4539058881568784 35459254198288 580999811184992256 35459254198272 4539058881568768 35459254198272 580999811184984064 35459254190080 4539058881560576 35459254190080 580999811184984064 35459254190080 4539058881560576 35459254190080 274882109456 274882109456 274882109456 274882109456 274882109440 274882109440 274882109440 274882109440 274882101248 274882101248 274882101248 274882101248 274882101248 274882101248 274882101248 274882101248 
32 1144317066609665
32
577588851267340304 2199056809984 1128098963916816 2199056809984 577588851267340288 2199056809984 1128098963916800 2199056809984 577588851267338240 2199056809984 1128098963914752 2199056809984 577588851267338240 2199056809984 1128098963914752 2199056809984 577588851267076096 2199057074192 1128098963652608 2199057074192 577588851267076096 2199057074176 1128098963652608 2199057074176 577588851267076096 2199057072128 1128098963652608 2199057072128 577588851267076096 2199057072128 1128098963652608 2199057072128 
33 162694873815728384
32
1155178802063085600 2257297456238624 1155178802063081472 2257297456234496 1155178802063085568 2257297456238592 1155178802063081472 2257297456234496 5497642553376 5497642553376 5497642549248 5497642549248 5497642553344 5497642553344 5497642549248 5497642549248 1155178802062557184 2257297455710208 1155178802062557184 2257297455710208 1155178802062557184 2257297455710208 1155178802062557184 2257297455710208 5497642024960 5497642024960 5497642024960 5497642024960 5497642024960 5497642024960 5497642024960 5497642024960 
34 2310935981433552965
128
2310639079102947392 2310639079101890560 4796069889253440 4796069888196608 2310357604126236736 2310357604125179904 4514594912542784 4514594911485952 2310639079102881856 2310639079101825024 4796069889187904 4796069888131072 2310357604126171200 2310357604125114368 4514594912477248 4514594911420416 292470261882944 292470260826112 292470261882944 292470260826112 10995285172288 10995284115456 10995285172288 10995284115456 292470261817408 292470260760576 292470261817408 292470260760576 10995285106752 10995284049920 10995285106752 10995284049920 2310639079101890560 2310639079102947328 4796069888196608 4796069889253376 2310357604125179904 2310357604126236672 4514594911485952 4514594912542720 2310639079101825024 2310639079102881792 4796069888131072 4796069889187840 2310357604125114368 2310357604126171136 4514594911420416 4514594912477184 292470260826112 292470261882880 292470260826112 292470261882880 10995284115456 10995285172224 10995284115456 10995285172224 292470260760576 292470261817344 292470260760576 292470261817344 10995284049920 10995285106688 10995284049920 10995285106688 2310639079102939136 2310639079101890560 4796069889245184 4796069888196608 2310357604126228480 2310357604125179904 4514594912534528 4514594911485952 2310639079102873600 2310639079101825024 4796069889179648 4796069888131072 2310357604126162944 2310357604125114368 4514594912468992 4514594911420416 292470261874688 292470260826112 292470261874688 292470260826112 10995285164032 10995284115456 10995285164032 10995284115456 292470261809152 292470260760576 292470261809152 292470260760576 10995285098496 10995284049920 10995285098496 10995284049920 2310639079101890560 2310639079102939136 4796069888196608 4796069889245184 2310357604125179904 2310357604126228480 4514594911485952 4514594912534528 2310639079101825024 2310639079102873600 4796069888131072 4796069889179648 2310357604125114368 2310357604126162944 4514594911420416 4514594912468992 292470260826112 292470261874688 292470260826112 292470261874688 10995284115456 10995285164032 10995284115456 10995285164032 292470260760576 292470261809152 292470260760576 292470261809152 10995284049920 10995285098496 10995284049920 10995285098496 
35 2305845210389151872
512
4693335752243822976 4693335752243822848 4621278158205895040 4621278158205894912 4693335752243691648 4693335752243691520 4621278158205763712 4621278158205763584 4693335752243822720 4693335752243822592 4621278158205894784 4621278158205894656 4693335752243691648 4693335752243691520 4621278158205763712 4621278158205763584 4693335752241709312 4693335752241709312 4621278158203781376 4621278158203781376 4693335752241577984 4693335752241577984 4621278158203650048 4621278158203650048 4693335752241709056 4693335752241709056 4621278158203781120 4621278158203781120 4693335752241577984 4693335752241577984 4621278158203650048 4621278158203650048 81649733816435072 81649733816434944 9592139778507136 9592139778507008 81649733816303744 81649733816303616 9592139778375808 9592139778375680 81649733816434816 81649733816434688 9592139778506880 9592139778506752 81649733816303744 81649733816303616 9592139778375808 9592139778375680 81649733814321408 81649733814321408 9592139776393472 9592139776393472 81649733814190080 81649733814190080 9592139776262144 9592139776262144 81649733814321152 81649733814321152 9592139776393216 9592139776393216 81649733814190080 81649733814190080 9592139776262144 9592139776262144 4620715208252473728 4620715208252473600 4620715208252473728 4620715208252473600 4620715208252342400 4620715208252342272 4620715208252342400 4620715208252342272 4620715208252473472 4620715208252473344 4620715208252473472 4620715208252473344 4620715208252342400 4620715208252342272 4620715208252342400 4620715208252342272 4620715208250360064 4620715208250360064 4620715208250360064 4620715208250360064 4620715208250228736 4620715208250228736 4620715208250228736 4620715208250228736 4620715208250359808 4620715208250359808 4620715208250359808 4620715208250359808 4620715208250228736 4620715208250228736 4620715208250228736 4620715208250228736 9029189825085824 9029189825085696 9029189825085824 9029189825085696 9029189824954496 9029189824954368 9029189824954496 9029189824954368 9029189825085568 9029189825085440 9029189825085568 9029189825085440 9029189824954496 9029189824954368 9029189824954496 9029189824954368 9029189822972160 9029189822972160 9029189822972160 9029189822972160 9029189822840832 9029189822840832 9029189822840832 9029189822840832 9029189822971904 9029189822971904 9029189822971904 9029189822971904 9029189822840832 9029189822840832 9029189822840832 9029189822840832 4693335752243806464 4693335752243806464 4621278158205878528 4621278158205878528 4693335752243675136 4693335752243675136 4621278158205747200 4621278158205747200 4693335752243806208 4693335752243806208 4621278158205878272 4621278158205878272 4693335752243675136 4693335752243675136 4621278158205747200 4621278158205747200 4693335752241709312 4693335752241709312 4621278158203781376 4621278158203781376 4693335752241577984 4693335752241577984 4621278158203650048 4621278158203650048 4693335752241709056 4693335752241709056 4621278158203781120 4621278158203781120 4693335752241577984 4693335752241577984 4621278158203650048 4621278158203650048 81649733816418560 81649733816418560 9592139778490624 9592139778490624 81649733816287232 81649733816287232 9592139778359296 9592139778359296 81649733816418304 81649733816418304 9592139778490368 9592139778490368 81649733816287232 81649733816287232 9592139778359296 9592139778359296 81649733814321408 81649733814321408 9592139776393472 9592139776393472 81649733814190080 81649733814190080 9592139776262144 9592139776262144 81649733814321152 81649733814321152 9592139776393216 9592139776393216 81649733814190080 81649733814190080 9592139776262144 9592139776262144 4620715208252457216 4620715208252457216 4620715208252457216 4620715208252457216 4620715208252325888 4620715208252325888 4620715208252325888 4620715208252325888 4620715208252456960 4620715208252456960 4620715208252456960 4620715208252456960 4620715208252325888 4620715208252325888 4620715208252325888 4620715208252325888 4620715208250360064 4620715208250360064 4620715208250360064 4620715208250360064 4620715208250228736 4620715208250228736 4620715208250228736 4620715208250228736 4620715208250359808 4620715208250359808 4620715208250359808 4620715208250359808 4620715208250228736 4620715208250228736 4620715208250228736 4620715208250228736 9029189825069312 9029189825069312 9029189825069312 9029189825069312 9029189824937984 9029189824937984 9029189824937984 9029189824937984 9029189825069056 9029189825069056 9029189825069056 9029189825069056 9029189824937984 9029189824937984 9029189824937984 9029189824937984 9029189822972160 9029189822972160 9029189822972160 9029189822972160 9029189822840832 9029189822840832 9029189822840832 9029189822840832 9029189822971904 9029189822971904 9029189822971904 9029189822971904 9029189822840832 9029189822840832 9029189822840832 9029189822840832 72642534561694080 72642534561693952 584940523766144 584940523766016 72642534561562752 72642534561562624 584940523634816 584940523634688 72642534561693824 72642534561693696 584940523765888 584940523765760 72642534561562752 72642534561562624 584940523634816 584940523634688 72642534559580416 72642534559580416 584940521652480 584940521652480 72642534559449088 72642534559449088 584940521521152 584940521521152 72642534559580160 72642534559580160 584940521652224 584940521652224 72642534559449088 72642534559449088 584940521521152 584940521521152 72642534561694080 72642534561693952 584940523766144 584940523766016 72642534561562752 72642534561562624 584940523634816 584940523634688 72642534561693824 72642534561693696 584940523765888 584940523765760 72642534561562752 72642534561562624 584940523634816 584940523634688 72642534559580416 72642534559580416 584940521652480 584940521652480 72642534559449088 72642534559449088 584940521521152 584940521521152 72642534559580160 72642534559580160 584940521652224 584940521652224 72642534559449088 72642534559449088 584940521521152 584940521521152 21990570344832 21990570344704 21990570344832 21990570344704 21990570213504 21990570213376 21990570213504 21990570213376 21990570344576 21990570344448 21990570344576 21990570344448 21990570213504 21990570213376 21990570213504 21990570213376 21990568231168 21990568231168 21990568231168 21990568231168 21990568099840 21990568099840 21990568099840 21990568099840 21990568230912 21990568230912 21990568230912 21990568230912 21990568099840 21990568099840 21990568099840 21990568099840 21990570344832 21990570344704 21990570344832 21990570344704 21990570213504 21990570213376 21990570213504 21990570213376 21990570344576 21990570344448 21990570344576 21990570344448 21990570213504 21990570213376 21990570213504 21990570213376 21990568231168 21990568231168 21990568231168 21990568231168 21990568099840 21990568099840 21990568099840 21990568099840 21990568230912 21990568230912 21990568230912 21990568230912 21990568099840 21990568099840 21990568099840 21990568099840 72642534561677568 72642534561677568 584940523749632 584940523749632 72642534561546240 72642534561546240 584940523618304 584940523618304 72642534561677312 72642534561677312 584940523749376 584940523749376 72642534561546240 72642534561546240 584940523618304 584940523618304 72642534559580416 72642534559580416 584940521652480 584940521652480 72642534559449088 72642534559449088 584940521521152 584940521521152 72642534559580160 72642534559580160 584940521652224 584940521652224 72642534559449088 72642534559449088 584940521521152 584940521521152 72642534561677568 72642534561677568 584940523749632 584940523749632 72642534561546240 72642534561546240 584940523618304 584940523618304 72642534561677312 72642534561677312 584940523749376 584940523749376 72642534561546240 72642534561546240 584940523618304 584940523618304 72642534559580416 72642534559580416 584940521652480 584940521652480 72642534559449088 72642534559449088 584940521521152 584940521521152 72642534559580160 72642534559580160 584940521652224 584940521652224 72642534559449088 72642534559449088 584940521521152 584940521521152 21990570328320 21990570328320 21990570328320 21990570328320 21990570196992 21990570196992 21990570196992 21990570196992 21990570328064 21990570328064 21990570328064 21990570328064 21990570196992 21990570196992 21990570196992 21990570196992 21990568231168 21990568231168 21990568231168 21990568231168 21990568099840 21990568099840 21990568099840 21990568099840 21990568230912 21990568230912 21990568230912 21990568230912 21990568099840 21990568099840 21990568099840 21990568099840 21990570328320 21990570328320 21990570328320 21990570328320 21990570196992 21990570196992 21990570196992 21990570196992 21990570328064 21990570328064 21990570328064 21990570328064 21990570196992 21990570196992 21990570196992 21990570196992 21990568231168 21990568231168 21990568231168 21990568231168 21990568099840 21990568099840 21990568099840 21990568099840 21990568230912 21990568230912 21990568230912 21990568230912 21990568099840 21990568099840 21990568099840 21990568099840 
36 3472277512262910082
512
9386671504487645697 163299467632837120 9386671504487383040 163299467632574464 9242556316411789825 19184279556981248 9242556316411527168 19184279556718592 9386671504483418625 163299467628642816 9386671504483155968 163299467628380160 9242556316407562753 19184279552786944 9242556316407300096 19184279552524288 9386671504487645184 163299467632836608 9386671504487383040 163299467632574464 9242556316411789312 19184279556980736 9242556316411527168 19184279556718592 9386671504483418112 163299467628642304 9386671504483155968 163299467628380160 9242556316407562240 19184279552786432 9242556316407300096 19184279552524288 9241430416504947201 18058379650138624 9241430416504684544 18058379649875968 9241430416504947201 18058379650138624 9241430416504684544 18058379649875968 9241430416500720129 18058379645944320 9241430416500457472 18058379645681664 9241430416500720129 18058379645944320 9241430416500457472 18058379645681664 9241430416504946688 18058379650138112 9241430416504684544 18058379649875968 9241430416504946688 18058379650138112 9241430416504684544 18058379649875968 9241430416500719616 18058379645943808 9241430416500457472 18058379645681664 9241430416500719616 18058379645943808 9241430416500457472 18058379645681664 145285069123355136 163299467632869889 145285069123092480 163299467632607232 1169881047499264 19184279557014017 1169881047236608 19184279556751360 145285069119160832 163299467628642817 145285069118898176 163299467628380160 1169881043304960 19184279552786945 1169881043042304 19184279552524288 145285069123354624 163299467632869376 145285069123092480 163299467632607232 1169881047498752 19184279557013504 1169881047236608 19184279556751360 145285069119160320 163299467628642304 145285069118898176 163299467628380160 1169881043304448 19184279552786432 1169881043042304 19184279552524288 43981140656640 18058379650171393 43981140393984 18058379649908736 43981140656640 18058379650171393 43981140393984 18058379649908736 43981136462336 18058379645944321 43981136199680 18058379645681664 43981136462336 18058379645944321 43981136199680 18058379645681664 43981140656128 18058379650170880 43981140393984 18058379649908736 43981140656128 18058379650170880 43981140393984 18058379649908736 43981136461824 18058379645943808 43981136199680 18058379645681664 43981136461824 18058379645943808 43981136199680 18058379645681664 145285069123387905 145285069123355136 145285069123125248 145285069123092480 1169881047532033 1169881047499264 1169881047269376 1169881047236608 145285069119160833 145285069119160832 145285069118898176 145285069118898176 1169881043304961 1169881043304960 1169881043042304 1169881043042304 145285069123387392 145285069123354624 145285069123125248 145285069123092480 1169881047531520 1169881047498752 1169881047269376 1169881047236608 145285069119160320 145285069119160320 145285069118898176 145285069118898176 1169881043304448 1169881043304448 1169881043042304 1169881043042304 43981140689409 43981140656640 43981140426752 43981140393984 43981140689409 43981140656640 43981140426752 43981140393984 43981136462337 43981136462336 43981136199680 43981136199680 43981136462337 43981136462336 43981136199680 43981136199680 43981140688896 43981140656128 43981140426752 43981140393984 43981140688896 43981140656128 43981140426752 43981140393984 43981136461824 43981136461824 43981136199680 43981136199680 43981136461824 43981136461824 43981136199680 43981136199680 9386671504487645696 145285069123387905 9386671504487383040 145285069123125248 9242556316411789824 1169881047532033 9242556316411527168 1169881047269376 9386671504483418624 145285069119160833 9386671504483155968 145285069118898176 9242556316407562752 1169881043304961 9242556316407300096 1169881043042304 9386671504487645184 145285069123387392 9386671504487383040 145285069123125248 9242556316411789312 1169881047531520 9242556316411527168 1169881047269376 9386671504483418112 145285069119160320 9386671504483155968 145285069118898176 9242556316407562240 1169881043304448 9242556316407300096 1169881043042304 9241430416504947200 43981140689409 9241430416504684544 43981140426752 9241430416504947200 43981140689409 9241430416504684544 43981140426752 9241430416500720128 43981136462337 9241430416500457472 43981136199680 9241430416500720128 43981136462337 9241430416500457472 43981136199680 9241430416504946688 43981140688896 9241430416504684544 43981140426752 9241430416504946688 43981140688896 9241430416504684544 43981140426752 9241430416500719616 43981136461824 9241430416500457472 43981136199680 9241430416500719616 43981136461824 9241430416500457472 43981136199680 9386671504487612929 163299467632869888 9386671504487350272 163299467632607232 9242556316411757057 19184279557014016 9242556316411494400 19184279556751360 9386671504483418625 163299467628642816 9386671504483155968 163299467628380160 9242556316407562753 19184279552786944 9242556316407300096 19184279552524288 9386671504487612416 163299467632869376 9386671504487350272 163299467632607232 9242556316411756544 19184279557013504 9242556316411494400 19184279556751360 9386671504483418112 163299467628642304 9386671504483155968 163299467628380160 9242556316407562240 19184279552786432 9242556316407300096 19184279552524288 9241430416504914433 18058379650171392 9241430416504651776 18058379649908736 9241430416504914433 18058379650171392 9241430416504651776 18058379649908736 9241430416500720129 18058379645944320 9241430416500457472 18058379645681664 9241430416500720129 18058379645944320 9241430416500457472 18058379645681664 9241430416504913920 18058379650170880 9241430416504651776 18058379649908736 9241430416504913920 18058379650170880 9241430416504651776 18058379649908736 9241430416500719616 18058379645943808 9241430416500457472 18058379645681664 9241430416500719616 18058379645943808 9241430416500457472 18058379645681664 145285069123387904 163299467632837121 145285069123125248 163299467632574464 1169881047532032 19184279556981249 1169881047269376 19184279556718592 145285069119160832 163299467628642817 145285069118898176 163299467628380160 1169881043304960 19184279552786945 1169881043042304 19184279552524288 145285069123387392 163299467632836608 145285069123125248 163299467632574464 1169881047531520 19184279556980736 1169881047269376 19184279556718592 145285069119160320 163299467628642304 145285069118898176 163299467628380160 1169881043304448 19184279552786432 1169881043042304 19184279552524288 43981140689408 18058379650138625 43981140426752 18058379649875968 43981140689408 18058379650138625 43981140426752 18058379649875968 43981136462336 18058379645944321 43981136199680 18058379645681664 43981136462336 18058379645944321 43981136199680 18058379645681664 43981140688896 18058379650138112 43981140426752 18058379649875968 43981140688896 18058379650138112 43981140426752 18058379649875968 43981136461824 18058379645943808 43981136199680 18058379645681664 43981136461824 18058379645943808 43981136199680 18058379645681664 145285069123355137 145285069123387904 145285069123092480 145285069123125248 1169881047499265 1169881047532032 1169881047236608 1169881047269376 145285069119160833 145285069119160832 145285069118898176 145285069118898176 1169881043304961 1169881043304960 1169881043042304 1169881043042304 145285069123354624 145285069123387392 145285069123092480 145285069123125248 1169881047498752 1169881047531520 1169881047236608 1169881047269376 145285069119160320 145285069119160320 145285069118898176 145285069118898176 1169881043304448 1169881043304448 1169881043042304 1169881043042304 43981140656641 43981140689408 43981140393984 43981140426752 43981140656641 43981140689408 43981140393984 43981140426752 43981136462337 43981136462336 43981136199680 43981136199680 43981136462337 43981136462336 43981136199680 43981136199680 43981140656128 43981140688896 43981140393984 43981140426752 43981140656128 43981140688896 43981140393984 43981140426752 43981136461824 43981136461824 43981136199680 43981136199680 43981136461824 43981136461824 43981136199680 43981136199680 9386671504487612928 145285069123355137 9386671504487350272 145285069123092480 9242556316411757056 1169881047499265 9242556316411494400 1169881047236608 9386671504483418624 145285069119160833 9386671504483155968 145285069118898176 9242556316407562752 1169881043304961 9242556316407300096 1169881043042304 9386671504487612416 145285069123354624 9386671504487350272 145285069123092480 9242556316411756544 1169881047498752 9242556316411494400 1169881047236608 9386671504483418112 145285069119160320 9386671504483155968 145285069118898176 9242556316407562240 1169881043304448 9242556316407300096 1169881043042304 9241430416504914432 43981140656641 9241430416504651776 43981140393984 9241430416504914432 43981140656641 9241430416504651776 43981140393984 9241430416500720128 43981136462337 9241430416500457472 43981136199680 9241430416500720128 43981136462337 9241430416500457472 43981136199680 9241430416504913920 43981140656128 9241430416504651776 43981140393984 9241430416504913920 43981140656128 9241430416504651776 43981140393984 9241430416500719616 43981136461824 9241430416500457472 43981136199680 9241430416500719616 43981136461824 9241430416500457472 43981136199680 
37 13980316737866958848
128
326598935265674242 290570138246709248 36116759291887616 87962272924674 326598935265148928 290570138246184960 36116759291363328 87962272399360 326598935265674240 290570138246709248 36116759291887616 87962272924672 326598935265148928 290570138246184960 36116759291363328 87962272399360 36116759300277250 87962281312256 326598935257285634 290570138238320640 36116759299751936 87962280787968 326598935256760320 290570138237796352 36116759300277248 87962281312256 326598935257285632 290570138238320640 36116759299751936 87962280787968 326598935256760320 290570138237796352 38368559113962498 2339762094997504 36116759291888642 87962272923648 38368559113437184 2339762094473216 36116759291363328 87962272399360 38368559113962496 2339762094997504 36116759291888640 87962272923648 38368559113437184 2339762094473216 36116759291363328 87962272399360 36116759300277250 87962281312256 38368559105573890 2339762086608896 36116759299751936 87962280787968 38368559105048576 2339762086084608 36116759300277248 87962281312256 38368559105573888 2339762086608896 36116759299751936 87962280787968 38368559105048576 2339762086084608 326598935265673216 290570138246710274 36116759291888642 87962272923648 326598935265148928 290570138246184960 36116759291363328 87962272399360 326598935265673216 290570138246710272 36116759291888640 87962272923648 326598935265148928 290570138246184960 36116759291363328 87962272399360 36116759300276224 87962281313282 326598935257284608 290570138238321666 36116759299751936 87962280787968 326598935256760320 290570138237796352 36116759300276224 87962281313280 326598935257284608 290570138238321664 36116759299751936 87962280787968 326598935256760320 290570138237796352 38368559113961472 2339762094998530 36116759291887616 87962272924674 38368559113437184 2339762094473216 36116759291363328 87962272399360 38368559113961472 2339762094998528 36116759291887616 87962272924672 38368559113437184 2339762094473216 36116759291363328 87962272399360 36116759300276224 87962281313282 38368559105572864 2339762086609922 36116759299751936 87962280787968 38368559105048576 2339762086084608 36116759300276224 87962281313280 38368559105572864 2339762086609920 36116759299751936 87962280787968 38368559105048576 2339762086084608 
38 1175444463506457604
32
581140276476643332 4679524173217792 175924545849348 175924545847296 4679524172169216 581140276475592704 175924544798720 175924544798720 4679524173219844 581140276476641280 175924545849348 175924545847296 581140276475592704 4679524172169216 175924544798720 175924544798720 581140276476643328 4679524173217792 175924545849344 175924545847296 4679524172169216 581140276475592704 175924544798720 175924544798720 4679524173219840 581140276476641280 175924545849344 175924545847296 581140276475592704 4679524172169216 175924544798720 175924544798720 
39 36314740978885132
32
1161999073681608712 70369820020744 1161999073681608704 70369820020736 1161999073679507456 70369817919488 1161999073679507456 70369817919488 9077569074761736 70369820020744 9077569074761728 70369820020736 9077569072660480 70369817919488 9077569072660480 70369817919488 1161999073681604608 70369820016640 1161999073681604608 70369820016640 1161999073679507456 70369817919488 1161999073679507456 70369817919488 9077569074757632 70369820016640 9077569074757632 70369820016640 9077569072660480 70369817919488 9077569072660480 70369817919488 
40 4611901540427907328
32
288793334762704928 288793334762704896 288793334762176512 288793334762176512 288793334762700800 288793334762700800 288793334762176512 288793334762176512 288793334695067648 288793334695067648 288793334695067648 288793334695067648 288793334695067648 288793334695067648 288793334695067648 288793334695067648 562958610993184 562958610993152 562958610464768 562958610464768 562958610989056 562958610989056 562958610464768 562958610464768 562958543355904 562958543355904 562958543355904 562958543355904 562958543355904 562958543355904 562958543355904 562958543355904 
41 2306971117006356997
32
577868148797087808 1407396493664320 577868148796030976 1407396492607488 577868148797079552 1407396493656064 577868148796030976 1407396492607488 577868148661813248 1407396358389760 577868148661813248 1407396358389760 577868148661813248 1407396358389760 577868148661813248 1407396358389760 577868148797087744 1407396493664256 577868148796030976 1407396492607488 577868148797079552 1407396493656064 577868148796030976 1407396492607488 577868148661813248 1407396358389760 577868148661813248 1407396358389760 577868148661813248 1407396358389760 577868148661813248 1407396358389760 
42 869207927657891840
128
1227793891648880768 1227793891648880640 2814792733556736 2814792733556736 1227793891632087040 1227793891632087040 2814792716779520 2814792716779520 1155736297610952832 1155736297610952704 1227793891646767104 1227793891646767104 1155736297594159104 1155736297594159104 1227793891629989888 1227793891629989888 1227793891378331648 1227793891378331648 1155736297608839168 1155736297608839168 1227793891361554432 1227793891361554432 1155736297592061952 1155736297592061952 1155736297340403712 1155736297340403712 1227793891378331648 1227793891378331648 1155736297323626496 1155736297323626496 1227793891361554432 1227793891361554432 74872387042033792 74872387042033664 1155736297340403712 1155736297340403712 74872387025240064 74872387025240064 1155736297323626496 1155736297323626496 2814793004105856 2814793004105728 74872387039920128 74872387039920128 2814792987312128 2814792987312128 74872387023142912 74872387023142912 74872386771484672 74872386771484672 2814793001992192 2814793001992192 74872386754707456 74872386754707456 2814792985214976 2814792985214976 2814792733556736 2814792733556736 74872386771484672 74872386771484672 2814792716779520 2814792716779520 74872386754707456 74872386754707456 1227793891648864256 1227793891648864256 2814792733556736 2814792733556736 1227793891632103552 1227793891632103424 2814792716779520 2814792716779520 1155736297610936320 1155736297610936320 1227793891646767104 1227793891646767104 1155736297594175616 1155736297594175488 1227793891629989888 1227793891629989888 1227793891378331648 1227793891378331648 1155736297608839168 1155736297608839168 1227793891361554432 1227793891361554432 1155736297592061952 1155736297592061952 1155736297340403712 1155736297340403712 1227793891378331648 1227793891378331648 1155736297323626496 1155736297323626496 1227793891361554432 1227793891361554432 74872387042017280 74872387042017280 1155736297340403712 1155736297340403712 74872387025256576 74872387025256448 1155736297323626496 1155736297323626496 2814793004089344 2814793004089344 74872387039920128 74872387039920128 2814792987328640 2814792987328512 74872387023142912 74872387023142912 74872386771484672 74872386771484672 2814793001992192 2814793001992192 74872386754707456 74872386754707456 2814792985214976 2814792985214976 2814792733556736 2814792733556736 74872386771484672 74872386771484672 2814792716779520 2814792716779520 74872386754707456 74872386754707456 
43 5064298064481814530
128
2455587783297826816 5629585467179008 149744774084067328 2311472594680807424 2455587783264206848 5629585433559040 149744774050512896 2311472594647252992 2455587783297794048 5629585467179008 149744774084034560 2311472594680807424 2455587783264174080 5629585433559040 149744774050480128 2311472594647252992 2311472595221970944 2455587782756728832 5629586008211456 149744773542969344 2311472595188350976 2455587782723108864 5629585974657024 149744773509414912 2311472595221938176 2455587782756728832 5629586008178688 149744773542969344 2311472595188318208 2455587782723108864 5629585974624256 149744773509414912 2455587783293599744 2311472594680872960 149744774079840256 5629585467113472 2455587783259979776 2311472594647252992 149744774046285824 5629585433559040 2455587783293599744 2311472594680872960 149744774079840256 5629585467113472 2455587783259979776 2311472594647252992 149744774046285824 5629585433559040 2311472595217743872 2455587782756728832 5629586003984384 149744773542969344 2311472595184123904 2455587782723108864 5629585970429952 149744773509414912 2311472595217743872 2455587782756728832 5629586003984384 149744773542969344 2311472595184123904 2455587782723108864 5629585970429952 149744773509414912 149744774084132864 2311472594680872960 2455587783297761280 5629585467113472 149744774050512896 2311472594647252992 2455587783264206848 5629585433559040 149744774084100096 2311472594680872960 2455587783297728512 5629585467113472 149744774050480128 2311472594647252992 2455587783264174080 5629585433559040 5629586008276992 149744773543034880 2311472595221905408 2455587782756663296 5629585974657024 149744773509414912 2311472595188350976 2455587782723108864 5629586008244224 149744773543034880 2311472595221872640 2455587782756663296 5629585974624256 149744773509414912 2311472595188318208 2455587782723108864 149744774079905792 5629585467179008 2455587783293534208 2311472594680807424 149744774046285824 5629585433559040 2455587783259979776 2311472594647252992 149744774079905792 5629585467179008 2455587783293534208 2311472594680807424 149744774046285824 5629585433559040 2455587783259979776 2311472594647252992 5629586004049920 149744773543034880 2311472595217678336 2455587782756663296 5629585970429952 149744773509414912 2311472595184123904 2455587782723108864 5629586004049920 149744773543034880 2311472595217678336 2455587782756663296 5629585970429952 149744773509414912 2311472595184123904 2455587782723108864 
44 9260254067848986692
128
4911175566595588352 4622945190443876608 299489548092571648 11259171940859904 299489548168200448 11259172016488704 4911175566595457024 4622945190443745280 4911175566595588096 4622945190443876352 299489548168069120 11259172016357376 299489548168200192 11259172016488448 4911175566595457024 4622945190443745280 4911175566528348160 4622945190376636416 299489548168069120 11259172016357376 299489548100960256 11259171949248512 4911175566528348160 4622945190376636416 4911175566528348160 4622945190376636416 299489548100960256 11259171949248512 299489548100960256 11259171949248512 4911175566528348160 4622945190376636416 4911175565513457920 4622945189361746176 299489548100960256 11259171949248512 299489547086070016 11259170934358272 4911175565513326592 4622945189361614848 4911175565513457664 4622945189361745920 299489547085938688 11259170934226944 299489547086069760 11259170934358016 4911175565513326592 4622945189361614848 4911175565446217728 4622945189294505984 299489547085938688 11259170934226944 299489547018829824 11259170867118080 4911175565446217728 4622945189294505984 4911175565446217728 4622945189294505984 299489547018829824 11259170867118080 299489547018829824 11259170867118080 4911175565446217728 4622945189294505984 4911175565513457920 4622945189361746176 299489547018829824 11259170867118080 299489547086070016 11259170934358272 4911175565513326592 4622945189361614848 4911175565513457664 4622945189361745920 299489547085938688 11259170934226944 299489547086069760 11259170934358016 4911175565513326592 4622945189361614848 4911175565446217728 4622945189294505984 299489547085938688 11259170934226944 299489547018829824 11259170867118080 4911175565446217728 4622945189294505984 4911175565446217728 4622945189294505984 299489547018829824 11259170867118080 299489547018829824 11259170867118080 4911175565446217728 4622945189294505984 4911175566587199744 4622945190435488000 299489547018829824 11259170867118080 299489548159811840 11259172008100096 4911175566587068416 4622945190435356672 4911175566587199488 4622945190435487744 299489548159680512 11259172007968768 299489548159811584 11259172008099840 4911175566587068416 4622945190435356672 4911175566519959552 4622945190368247808 299489548159680512 11259172007968768 299489548092571648 11259171940859904 4911175566519959552 4622945190368247808 4911175566519959552 4622945190368247808 299489548092571648 11259171940859904 299489548092571648 11259171940859904 4911175566519959552 4622945190368247808 
45 18032404107108480
128
9822351133174399489 9822351133174136832 598979094037659648 598979094037659648 9245890380870976001 9245890380870713344 22518341734236160 22518341734236160 9822351131026915328 9822351131026653184 9822351133039919104 9822351133039919104 9245890378723491840 9245890378723229696 9245890380736495616 9245890380736495616 598979096319623681 598979096319361024 9822351130892435456 9822351130892435456 22518344016200193 22518344015937536 9245890378589011968 9245890378589011968 598979094172139520 598979094171877376 598979096185143296 598979096185143296 22518341868716032 22518341868453888 22518343881719808 22518343881719808 9822351133174398976 9822351133174136832 598979094037659648 598979094037659648 9245890380870975488 9245890380870713344 22518341734236160 22518341734236160 9822351131026915841 9822351131026653184 9822351133039919104 9822351133039919104 9245890378723492353 9245890378723229696 9245890380736495616 9245890380736495616 598979096319623168 598979096319361024 9822351130892435456 9822351130892435456 22518344016199680 22518344015937536 9245890378589011968 9245890378589011968 598979094172140033 598979094171877376 598979096185143296 598979096185143296 22518341868716545 22518341868453888 22518343881719808 22518343881719808 9822351133174399488 9822351133174136832 598979094037659648 598979094037659648 9245890380870976000 9245890380870713344 22518341734236160 22518341734236160 9822351131026915328 9822351131026653184 9822351133039919104 9822351133039919104 9245890378723491840 9245890378723229696 9245890380736495616 9245890380736495616 598979096319623680 598979096319361024 9822351130892435456 9822351130892435456 22518344016200192 22518344015937536 9245890378589011968 9245890378589011968 598979094172139520 598979094171877376 598979096185143296 598979096185143296 22518341868716032 22518341868453888 22518343881719808 22518343881719808 9822351133174398976 9822351133174136832 598979094037659648 598979094037659648 9245890380870975488 9245890380870713344 22518341734236160 22518341734236160 9822351131026915840 9822351131026653184 9822351133039919104 9822351133039919104 9245890378723492352 9245890378723229696 9245890380736495616 9245890380736495616 598979096319623168 598979096319361024 9822351130892435456 9822351130892435456 22518344016199680 22518344015937536 9245890378589011968 9245890378589011968 598979094172140032 598979094171877376 598979096185143296 598979096185143296 22518341868716544 22518341868453888 22518343881719808 22518343881719808 
46 2355457376205407274
32
1197958188344280066 1197958188075319296 1197958188343754752 1197958188075319296 1197958188344279040 1197958188075319296 1197958188343754752 1197958188075319296 45036683737433088 45036683468472320 45036683736907776 45036683468472320 45036683737432064 45036683468472320 45036683736907776 45036683468472320 45036683737433090 45036683468472320 45036683736907776 45036683468472320 45036683737432064 45036683468472320 45036683736907776 45036683468472320 1197958188344280064 1197958188075319296 1197958188343754752 1197958188075319296 1197958188344279040 1197958188075319296 1197958188343754752 1197958188075319296 
47 1173329557118262304
32
2323857683139004420 18014673925310468 2323857683139002368 18014673925308416 2323857682601082880 18014673387388928 2323857682601082880 18014673387388928 2323857683139004416 18014673925310464 2323857683139002368 18014673925308416 2323857682601082880 18014673387388928 2323857682601082880 18014673387388928 2323857683137953792 18014673924259840 2323857683137953792 18014673924259840 2323857682601082880 18014673387388928 2323857682601082880 18014673387388928 2323857683137953792 18014673924259840 2323857683137953792 18014673924259840 2323857682601082880 18014673387388928 2323857682601082880 18014673387388928 
48 9232524440498343941
32
144117404414255168 144117387099111424 144117404414255104 144117387099111424 144117404278980608 144117387099111424 144117404278980608 144117387099111424 144117404414246912 144117387099111424 144117404414246912 144117387099111424 144117404278980608 144117387099111424 144117404278980608 144117387099111424 144117404413198336 144117387099111424 144117404413198336 144117387099111424 144117404278980608 144117387099111424 144117404278980608 144117387099111424 144117404413198336 144117387099111424 144117404413198336 144117387099111424 144117404278980608 144117387099111424 144117404278980608 144117387099111424 
49 36666806963798145
32
360293502378066048 360293467747778560 360293467747778560 360293502378049536 360293502107516928 360293467747778560 360293467747778560 360293502107516928 360293502375952384 360293467747778560 360293467747778560 360293502375952384 360293502107516928 360293467747778560 360293467747778560 360293502107516928 360293467747778560 360293502378049536 360293502378065920 360293467747778560 360293467747778560 360293502107516928 360293502107516928 360293467747778560 360293467747778560 360293502375952384 360293502375952384 360293467747778560 360293467747778560 360293502107516928 360293502107516928 360293467747778560 
50 2314489274040320
32
720587009051099136 720587004756131840 720586939790524416 720586935495557120 720586939790524416 720586935495557120 720587008510001152 720587004215033856 720587009051066368 720587004756099072 720586939790524416 720586935495557120 720586939790524416 720586935495557120 720587008510001152 720587004215033856 720587009046872064 720587004751904768 720586939790524416 720586935495557120 720586939790524416 720586935495557120 720587008510001152 720587004215033856 720587009046872064 720587004751904768 720586939790524416 720586935495557120 720586939790524416 720586935495557120 720587008510001152 720587004215033856 
51 162139484406939652
32
1441174018118909952 1441174018102132736 1441174008430067712 1441174008430067712 1441174018110521344 1441174018093744128 1441174008430067712 1441174008430067712 1441173879597826048 1441173879581048832 1441173870991114240 1441173870991114240 1441173879597826048 1441173879581048832 1441173870991114240 1441173870991114240 1441174017036779520 1441174017020002304 1441174009512198144 1441174009512198144 1441174017036779520 1441174017020002304 1441174009503809536 1441174009503809536 1441173879597826048 1441173879581048832 1441173870991114240 1441173870991114240 1441173879597826048 1441173879581048832 1441173870991114240 1441173870991114240 
52 1153132630440149571
32
2882348036221108224 2882348036221042688 2882348034073624576 2882348034073559040 2882347741982228480 2882347741982228480 2882347741982228480 2882347741982228480 2882348036187488256 2882348036187488256 2882348034040004608 2882348034040004608 2882348019007619072 2882348019007619072 2882348016860135424 2882348016860135424 2882347759195717632 2882347759195652096 2882347759195717632 2882347759195652096 2882348019007619072 2882348019007619072 2882348016860135424 2882348016860135424 2882347759162097664 2882347759162097664 2882347759162097664 2882347759162097664 2882347741982228480 2882347741982228480 2882347741982228480 2882347741982228480 
53 4538801255359520
32
5764696068147249408 5764695518391435520 5764696068147118080 5764695518391304192 5764696068080009216 5764695518324195328 5764696068080009216 5764695518324195328 5764696068147249152 5764695518391435264 5764696068147118080 5764695518391304192 5764696068080009216 5764695518324195328 5764696068080009216 5764695518324195328 5764696033720270848 5764695483964456960 5764696033720270848 5764695483964456960 5764696033720270848 5764695483964456960 5764696033720270848 5764695483964456960 5764696033720270848 5764695483964456960 5764696033720270848 5764695483964456960 5764696033720270848 5764695483964456960 5764696033720270848 5764695483964456960 
54 9315407190130688
32
11529391036782871041 11529391036648390656 11529390967928913920 11529390967928913920 11529391036782608384 11529391036648390656 11529390967928913920 11529390967928913920 11529391036782871040 11529391036648390656 11529390967928913920 11529390967928913920 11529391036782870528 11529391036648390656 11529390967928913920 11529390967928913920 11529391036782608384 11529391036648390656 11529390967928913920 11529390967928913920 11529391036782870528 11529391036648390656 11529390967928913920 11529390967928913920 11529391036782608384 11529391036648390656 11529390967928913920 11529390967928913920 11529391036782608384 11529391036648390656 11529390967928913920 11529390967928913920 
55 81355066535085329
32
4611756524879479810 4611756524878954496 4611756387171565568 4611756387171565568 4611756387171565568 4611756387171565568 4611756524610519040 4611756524610519040 4611756524879478784 4611756524878954496 4611756387171565568 4611756387171565568 4611756387171565568 4611756387171565568 4611756524610519040 4611756524610519040 4611756524879479808 4611756524878954496 4611756387171565568 4611756387171565568 4611756387171565568 4611756387171565568 4611756524610519040 4611756524610519040 4611756524879478784 4611756524878954496 4611756387171565568 4611756387171565568 4611756387171565568 4611756387171565568 4611756524610519040 4611756524610519040 
56 72340202894530629
64
567382630219904 567382359670784 567347999932416 567347999932416 562949953421312 562949953421312 562949953421312 562949953421312 567382630203392 567382359670784 567347999932416 567347999932416 562949953421312 562949953421312 562949953421312 562949953421312 567382630219776 567382359670784 567347999932416 567347999932416 562949953421312 562949953421312 562949953421312 562949953421312 567382630203392 567382359670784 567347999932416 567347999932416 562949953421312 562949953421312 562949953421312 562949953421312 567382628106240 567382359670784 567347999932416 567347999932416 562949953421312 562949953421312 562949953421312 562949953421312 567382628106240 567382359670784 567347999932416 567347999932416 562949953421312 562949953421312 562949953421312 562949953421312 567382628106240 567382359670784 567347999932416 567347999932416 562949953421312 562949953421312 562949953421312 562949953421312 567382628106240 567382359670784 567347999932416 567347999932416 562949953421312 562949953421312 562949953421312 562949953421312 
57 74345839168851968
32
1416240237150208 1407374883553280 1416239696052224 1407374883553280 1407374883553280 1416170976575488 1416170976575488 1407374883553280 1407374883553280 1416240237117440 1407374883553280 1416239696052224 1416239696052224 1407374883553280 1407374883553280 1416170976575488 1416170976575488 1407374883553280 1416170976575488 1407374883553280 1407374883553280 1416239696052224 1416240232923136 1407374883553280 1407374883553280 1416170976575488 1407374883553280 1416170976575488 1416170976575488 1407374883553280 1407374883553280 1416240232923136 
58 576746626433978432
32
2833579985862656 2833441464778752 2833579977474048 2833441464778752 2832480474234880 2832341953150976 2832480465846272 2832341953150976 2833578903732224 2833441464778752 2833578903732224 2833441464778752 2832479392104448 2832341953150976 2832479392104448 2832341953150976 2815849278734336 2815849278734336 2815849278734336 2815849278734336 2814749767106560 2814749767106560 2814749767106560 2814749767106560 2815849278734336 2815849278734336 2815849278734336 2815849278734336 2814749767106560 2814749767106560 2814749767106560 2814749767106560 
59 150087683098632
32
5667164249915392 5664683906301952 5667159954948096 5664683906301952 5664960931692544 5666887224524800 5664960931692544 5666882929557504 5631702852435968 5664683906301952 5631698557468672 5664683906301952 5629499534213120 5631702852435968 5629499534213120 5631698557468672 5631702852435968 5629499534213120 5631698557468672 5629499534213120 5629499534213120 5631702852435968 5629499534213120 5631698557468672 5667162102431744 5629499534213120 5667157807464448 5629499534213120 5664958784208896 5666887224524800 5664958784208896 5666882929557504 
60 9229006037591311361
32
11334324221640704 11334324204863488 11258999068426240 11258999068426240 11329917568417792 11329917568417792 11333774465826816 11333774449049600 11334315614928896 11334315614928896 11329367812603904 11329367812603904 11329917568417792 11329917568417792 11333765859115008 11333765859115008 11263405721649152 11263405704871936 11329367812603904 11329367812603904 11258999068426240 11258999068426240 11263405721649152 11263405704871936 11263397114937344 11263397114937344 11258999068426240 11258999068426240 11258999068426240 11258999068426240 11263397114937344 11263397114937344 
61 10376315671817650816
32
22667548931719168 22517998136852480 22667531718230016 22517998136852480 22526811409743872 22658735625207808 22526794229874688 22658735625207808 22667548931653632 22517998136852480 22667531718230016 22517998136852480 22526811409743872 22658735625207808 22526794229874688 22658735625207808 22667548898099200 22517998136852480 22667531718230016 22517998136852480 22526811443363840 22658735625207808 22526794229874688 22658735625207808 22667548898099200 22517998136852480 22667531718230016 22517998136852480 22526811443298304 22658735625207808 22526794229874688 22658735625207808 
62 5080078109334831168
32
45053622886727936 45035996273704960 45053622819487744 45035996273704960 45053622886727680 45035996273704960 45053622819487744 45035996273704960 45053588459749376 45035996273704960 45053588459749376 45035996273704960 45053588459749376 45035996273704960 45053588459749376 45035996273704960 45053622886596608 45035996273704960 45053622819487744 45035996273704960 45053622886596608 45035996273704960 45053622819487744 45035996273704960 45053588459749376 45035996273704960 45053588459749376 45035996273704960 45053588459749376 45035996273704960 45053588459749376 45035996273704960 
63 3459891565064098048
64
18049651735527937 18049651735527424 18049651735527936 18049651735527424 18049651601047552 18049651601047552 18049651601047552 18049651601047552 18014398509481984 18014398509481984 18014398509481984 18014398509481984 18014398509481984 18014398509481984 18014398509481984 18014398509481984 18014398509481984 18014398509481984 18014398509481984 18014398509481984 18014398509481984 18014398509481984 18014398509481984 18014398509481984 18049651735265280 18049651735265280 18049651735265280 18049651735265280 18049651601047552 18049651601047552 18049651601047552 18049651601047552 18049582881570816 18049582881570816 18049582881570816 18049582881570816 18049582881570816 18049582881570816 18049582881570816 18049582881570816 18014398509481984 18014398509481984 18014398509481984 18014398509481984 18014398509481984 18014398509481984 18014398509481984 18014398509481984 18014398509481984 18014398509481984 18014398509481984 18014398509481984 18014398509481984 18014398509481984 18014398509481984 18014398509481984 18049582881570816 18049582881570816 18049582881570816 18049582881570816 18049582881570816 18049582881570816 18049582881570816 18049582881570816 
